42,54,21,36,22,33,13,29,35
83,67,22,14,78,99,18,92,15,77,52,68,82,55,21,61,85,91,51,64,72,24,88
85,67,64,82,61,63,44,71,38,97,43,54,42,32,29,35,65,37,13,48,33,23,36
96,81,21,14,52,99,88,55,51,15,77,68,72,18,85
63,52,77,85,91,83,22,61,14,64,82,68,51,24,55
63,97,76,32,29,35,13,48,33,36,25,56,96,89,17
15,99,51,88,21,83,72,56,81,18,92,52,55,17,89,96,87
92,22,17,96,78,87,72,14,24,55,81,91,52,83,68,88,18,99,56
87,18,61,67,64,76,72,85,97,65,91,68,32,44,29,43,37
87,63,72,64,85,38,43,78,76,82,77,67,88,54,55
51,77,87,85,67,61,63,44,97
35,65,37,13,48,36,25,56,81,24,22,92,88
85,29,32,42,35,87,43,13,63,37,71,72,82,76,91
56,35,81,96,55,92,83
54,68,67,77,61,18,63,76,82,55,97,15,42,91,51,38,85,43,72,87,71
99,88,55,15,77,68,72,87,18,91,67,82,61,44,71,38,97,43,76
14,17,81,91,55,22,21,87,64
92,51,68,96,81,17,88,89,83,22,23,15,14,21,25,99,24,78,56,72,36,77,55
68,87,18,85,82,44,71,43,76,54,42,32,29,35,37
92,22,88,14,21,55,24,17,25,36,13,23,48
92,25,18,68,88,51,17
32,17,37,54,89,71,43,33,42,21,25
33,36,25,56,96,89,17,81,83,24,14,52,22,92,99,55,51,15,78,77,68
61,63,44,71,38,43,76,54,42,32,65,13,48,33,36,56,89
14,88,51,87,64,44,71
14,92,88,51,15,77,68,87,71
42,21,89,83,35,65,81,24,23,32,33,13,29,14,52,25,17
17,83,14,22,92,55,51,15,78,77,18,91,85,67,64
21,83,22,18,92,67,15,99,64,85,68,87,55,91,78,51,88,77,14,61,52
64,15,77,85,92,61,88,83,78,22,18,72,68,52,82,91,87,63,14,99,55
89,21,76,35,96,83,17,13,38,25,54
77,68,91,85,64,82,44,38,65
54,64,91,38,63,51,71,61,85,97,44,18,67,76,43,72,78,15,32
51,87,52,85,72,14,83,24,68,15,21,17,92
21,83,99,96,36,17,52,81,56,65,25,14,48,13,24,92,55,23,89
76,42,29,48,33,36,25,56,96,89,17,81,83
77,55,22,78,87,64,61,88,67,68,71,72,51,44,52,82,99,15,14
37,33,85,54,44,76,38,23,13,42,36
43,25,29,13,33,38,35,97,48,56,65,32,17,54,89,81,44,37,36,23,71
81,92,88,78,68,91,85,67,82
56,81,21,24,14,88,55,51,77,68,91
97,29,65,33,17,83,24
38,33,56,43,61,35,76,54,64,32,36
63,44,71,38,43,76,54,42,37,13,48,23,36
22,17,96,89,14,92,83,37,99,88,29,21,52,48,23,81,35,24,36,13,25
77,61,18,87,72,51,38
24,92,99,55,51,85,44
64,82,77,35,38
87,51,15,88,67,52,18,82,72,77,99,71,64,22,44
99,88,51,15,78,72,87,18,85,67,64,61,63,71,76
23,36,25,56,96,17,81,83,14,52,92,88,55,51,78,68,72
52,92,99,15,78,77,68,72,87,91,85,64,82,61,44,71,38
13,23,17,14,99,55,78
25,17,35,37,44,54,71,81,56,65,32
38,64,55,52,87,77,71,99,88,68,18
71,38,97,76,54,42,32,29,35,65,13,33,23,36,25,56,96,89,17,81,21
82,91,52,83,21,18,14,77,85,61,92,64,88,51,68,99,78,22,24
29,35,13,33,25,56,96,89,17,21,83,24,14,52,22,92,88
91,61,14,88,18,15,55,99,82,77,64,92,78,87,71,68,51,85,72
13,36,35,32,38,76,63,82,37,43,65,42,54,48,64,29,56,97,33
61,88,71,68,92,55,77,63,67,51,38
18,85,88,63,77,52,38,61,64
89,83,99,88,55,15,78,77,68,72,87,18,91,85,67
13,17,35,89,48,33,43,54,21,23,38,83,76
36,25,56,96,89,17,81,21,83,24,14,52,22,92,99,88,51,15,78,77,68,72,87
24,52,22,55,51,15,78,72,87,64,82,61,44
55,15,78,87,18,85,63,71,38,97,54
37,44,61,32,85,76,71,68,87
23,65,89,56,33,21,37,22,48,17,96,25,92
24,14,52,92,99,88,55,51,15,72,87,18,91,61,63
24,14,22,92,99,88,51,15,78,68,72,87,18,85,64,82,61,63,44
64,44,97,43,76,54,42,35,37,13,33,36,56
15,87,91,67,82,61,97
63,18,32,76,67,82,15,64,91,72,85,68,54,43,42,71,61,87,97,44,38,78,29
48,33,25,56,96,89,81,21,14,52,22,92,99,88,55,51,15,78,77
89,17,81,83,52,88,15,78,77,72,87
51,55,92,77,88,72,68,24,87,89,85,99,52,14,83,81,21,91,15,17,22,18,96
76,35,33,13,14,42,81,43,23,29,89,24,21,96,17,37,32,25,65
89,25,13,56,78,15,92,48,17,23,88,99,14,51,52
21,83,54,33,35,25,13,22,48,37,56,14,36,89,42
61,71,29,37,13
96,17,24,14,22,92,88,51,77,72,85
99,88,55,51,77,68,72,87,18,91,85,82,61,63,71,38,97,43,76
65,35,42,32,13,17,25,83,33,23,54,14,24
76,54,87,72,61,18,97,91,44,42,65,85,82,71,77,35,29
91,87,92,78,21,52,18,24,68,85,77,15,81,83,22,64,72,51,99,82,14,67,88
43,32,35,37,13,96,17
33,36,96,21,24,14,52,22,92
77,83,92,85,81,91,21,68,24,64,82
61,71,48,63,44,32,42,65,37,56,96,43,35,76,29,23,38
44,71,38,54,32,35,13,33,23,56,96
23,17,81,21,83,24,92,99,88,55,51,15,78,77,72
42,33,61,67,23,64,25,65,82
81,13,48,22,29,23,35,14,21,92,89
33,23,36,25,56,96,17,81,21,83,24,14,52,22,92,99,88,55,51,15,78,77,68
32,29,35,65,37,48,23,36,56,96,89,17,81,21,83,24,52,22,99
65,37,13,25,96,89,17,21,92
48,76,13,82,71,97,23,61,56,29,36,33,44,42,25,43,38,54,37,96,35
21,99,61,87,68,22,88
18,38,54,32,35,48,33
97,63,55,78,15,77,68,87,61,18,38,51,71,91,88,99,92,22,44,85,82,67,64
56,99,36,96,13
56,25,43,76,23,33,64,29,36
99,51,68,87,91,82,63,44,71,43,76
82,54,85,91,29,64,33,61,42,37,97
56,42,17,33,97,43,63
77,17,21,99,52,85,15,91,78,88,14,67,51,24,92,22,64
55,51,15,78,77,68,72,87,18,91,85,67,64,82,61,63,44,38,97,43,76,54,42
87,78,67,18,42,61,55,82,91,71,85,97,15,72,43,76,63,44,64,38,54,77,51
37,44,64,13,29,97,25,82,61,67,36,35,43,63,23
33,23,25,56,96,89,17,21,83,14,52,22,92,99,88,51,78,77,68
33,36,32,35,48,23,24,21,22,17,99,83,25,37,96,29,81,92,14,65,52
76,32,71,42,33,82,97,36,54,44,35,13,29,43,37,63,48,96,65
65,37,13,48,33,23,36,25,56,96,89,17,81,21,83,24,52,22,92,99,88,55,51
42,32,29,35,37,13,48,23,36,56,96,21,83,14,52,22,92
42,43,25,65,23,37,61,44,48,29,76,33,36,38,54,97,96,89,35
52,99,55,51,78,18,64,82,63,71,38
36,96,89,17,81,83,14,52,88,51,15,78,77
96,81,51,15,99,37,24,36,13,17,33
21,83,24,14,52,99,88,55,51,15,68,72,91,85,67,64,61
25,51,81,22,99,56,18,52,78,14,87,92,15,77,68,83,55
81,77,92,21,51,15,99,96,56
71,43,65,82,54,42,13,36,25,61,23,33,35,63,67,38,76,97,37,32,29
37,76,63,61,96,56,25,35,13,36,43,29,82,32,48,33,97
35,52,23,14,96,42,89,21,81,83,76
48,23,36,25,56,96,89,17,81,21,83,24,14,52,22,92,99,88,55,51,15,78,77
44,61,85,92,91,77,15,64,51
37,13,48,33,23,25,56,81,83,52,92,51,15
56,78,96,88,92,36,23,17,25,52,48,99,24,89,55,21,15,81,51
64,22,67,55,97,72,15,18,68,38,88
85,64,68,44,54,87,76,91,82,63,88
85,38,78,82,18,87,91,32,77,43,76,72,15,42,51
22,92,88,72,87,91,67,82,61,44,97
55,18,54,38,87,88,85,15,76
83,24,14,52,22,92,88,55,51,15,78,77,68,72,18,91,85,67,64,61,63
42,32,35,65,37,13,48,33,23,36,25,56,96,89,21,83,24,14,52,22,92
32,17,29,83,48,14,21,25,52,42,96,33,37,65,76
35,89,81,14,32,83,29,65,52,25,92,13,22,36,33,48,37,42,24
81,42,35,36,89,54,71,25,32,43,76,37,38,44,65,23,17,33,56
21,18,87,52,22,56,51,15,77,92,25,55,72,99,78,96,14,83,24
56,25,37,81,38,89,21,43,65,83,33,36,35,96,48,42,29
55,15,77,68,87,18,91,85,61,44,38,97,43,76,42
22,99,72,83,67,52,61,21,68,14,87,18,77,51,64
92,55,85,14,22,17,52,89,78
88,68,18,14,81,22,91,52,83,99,72
36,17,29,83,96,65,54,89,43,35,56,23,25,13,81,76,14
88,51,78,63,43,76,54
91,67,82,61,38,97,43,76,54,42,32,29,35,13,48,33,23
67,63,35,71,54,68,37
85,35,33,32,61,76,65,54,37,67,91,42,97,48,71,82,38,29,13,44,43
77,15,81,89,96,25,14,92,78,22,51,24,21,83,56,18,88,99,68
23,36,25,22,92,15,72
23,25,54,36,65,17,14,76,56,96,35,48,81,24,37,21,89
85,64,61,38,32,29,65
56,89,17,24,14,92,99,55,78,18,91
18,85,61,63,44,71,38,48,33
81,21,14,52,92,88,72,67,82
55,51,15,78,77,64,63,44,38,43,76,54,42
76,54,48,23,96,81,83,24,52
21,83,13,14,22,96,25,37,56,81,36,92,42,89,23,32,24,33,52,35,17
42,13,91,38,43,82,35,18,87,29,37,85,64,67,54,32,63,76,72,61,44
23,22,29,21,24,36,14,99,89,56,88
77,56,15,33,48,24,81,22,92
78,87,85,67,44,71,97,29,35
61,15,78,63,77,71,44,68,91,87,32,85,72,43,76,82,29,97,42,54,18,38,67
99,18,81,82,87,24,78,51,83
54,65,48,36,14,52,22
63,44,38,97,54,42,32,65,37,56,96,89,17
83,88,68,72,81,52,55,36,25,22,17,92,87
44,38,97,54,42,37,13,33,23,36,81
61,18,67,64,38,35,65,85,68,29,37,63,71,42,91,82,97
65,54,23,35,89,43,29,38,36,76,81,21,32,17,56,71,42
96,78,55,91,17,77,85
64,82,61,44,38,97,43,42,32,35,65,37,48,33,23
23,36,25,56,89,17,81,21,83,14,52,22,92,99,88,55,51,15,78,68,72
97,43,54,42,32,29,35,37,13,48,33,23,56,96,89,17,21,83,24
54,65,36,23,71
13,44,33,63,48,97,25,38,64,82,61,56,76,42,54,65,71,43,23,35,36,37,32
65,13,48,23,36,56,89,21,52,22,88,55,51
68,51,14,83,64,18,77,17,91
76,37,38,25,13,33,71,21,42
21,92,81,87,24,56,51
48,83,35,37,81,97,89,54,33,29,36,13,96,23,38,21,65,17,76,56,32,43,25
13,48,17,83,14,15,78
18,22,92,82,68,87,24,52,44,99,67
77,99,87,92,22,51,52,68,71,14,82
22,67,83,63,14,15,82
64,44,97,61,67,32,37,65,38,29,35,48,71,36,54,76,85
24,14,92,99,15,78,87
63,71,76,54,32,29,35,65,37,13,48,33,23,36,25,56,96,89,17
42,96,71,35,25,65,23,33,44,81,32,97,29,76,13,54,43,56,17
87,91,67,82,44,71,38,97,43,76,29,35,65,37,48
33,38,13,48,65,43,61,82,37,76,54,32,35,44,67,29,85
24,52,22,92,55,51,78,68,72,18,91,85,64,82,44
63,48,85,67,38
42,32,35,65,13,48,33,36,25,89,17,81,14
63,44,71,43,35,65,37,13,23,36,17
25,21,97,33,54,32,76,42,37,17,35,65,89,81,83,96,36,23,48,43,13,38,29
42,32,29,35,65,37,33,25,56,89,17,21,24,14,52,22,92
37,48,81,21,83,14,22,88,55,51,15
55,51,77,68,87,18,91,85,67,82,63,44,38,97,54
35,65,13,33,36
61,48,44,64,43,36,82,42,56,29,23,54,33
92,99,88,55,15,78,77,68,72,18,91,67,64,82,61,63,44,71,38,97,43
32,29,33,23,96,83,22,92,99
63,55,61,92,87,64,88,85,72
67,92,77,64,52,51,81,91,17,85,21,22,14,78,15,88,18,72,83,55,68
36,78,92,22,51,87,99
37,13,36,56,81,92,88,55,15
29,35,37,13,48,33,23,25,56,96,89,17,81,21,83,24,52,22,92,99,88